Σm(4,13,16,31,38,41,54,59,69,72,83,92,99,107,115,125)
000000000000100 0000 0
000000000001101 0001 1
000000000000000 0010 2
000000000001111 0011 3
000000000010110 0100 4
000000000011001 0101 5
000000000010110 0110 6
000000000011011 0111 7
000000000100101 1000 8
000000000101000 1001 9
000000000100011 1010 10
000000000101100 1011 11
000000000110011 1100 12
000000000111011 1101 13
000000000110011 1110 14
000000000111101 1111 15


Σm(0,10,17,31,34,41,48,61,68,73,87,93,103,104,112,126)
0 0 0 0 0 0 0 0 0
0 0 0 0 1 0 1 0 1
0 0 0 1 0 0 0 1 2
0 0 0 1 1 1 1 1 3
0 0 1 0 0 0 1 0 4
0 0 1 0 1 0 0 1 5
0 0 1 1 0 0 0 0 6
0 0 1 1 1 1 0 1 7
0 1 0 0 0 1 0 0 8
0 1 0 0 1 0 0 1 9
0 1 0 1 0 1 1 1 10
0 1 0 1 1 1 0 1 11
0 1 1 0 0 1 1 1 12
0 1 1 0 1 0 0 0 13
0 1 1 1 0 0 0 0 14
0 1 1 1 1 1 1 0 15

